00000000000000000000000000
0S111111111111111111111110
01111111111101111111111110
01111111111101111111111110
01111111111101111111111110
01111111111101111111111110
01111111111101111111111110
01111111111101111111111110
01111111111101111111111110
01111111111101111111111110
01000001111101111111111110
01111101111101111111111110
01111101111101111111111110
01111101111101111111111110
01111100000000000001111110
01111101111111111101111110
01111101111111111101111110
01111101111111111101111110
01111101111111111101111110
00000001111111111101111110
01111111111111111101111110
01111111111111111101111110
01000000000111111101111110
01111111110111111101111110
01111111110111111101111110
01111111110111111101111110
01111111110111111101111110
01111111G10111111111111110
00000000000000000000000000